Using eigenvalue function from Armadillo
n = 200
rho_max = 5
min1 = 2.99981
min2 = 6.99904
min3 = 10.9978
elapsed time: = 34s
